Top 20 Sort By Count
Count   Total    Mean  Stddev    Min  P50.0  P90.0  P95.0  P99.0    Max    2xx  3xx  4xx  5xx  TotalBytes   MinBytes  MeanBytes   MaxBytes  Request
22907  71.675  0.0031  0.0014  0.001  0.003  0.005  0.005  0.006  0.039  22907    0    0    0   247150243      10776      10789      10808  POST /vote HTTP/1.1
 2464   0.446  0.0002  0.0004  0.000  0.000  0.001  0.001  0.001  0.005   2464    0    0    0   272779974      32447     110706     122540  GET /css/bootstrap.min.css HTTP/1.1
 1821  22.556  0.0124  0.0022  0.002  0.012  0.016  0.017  0.018  0.024   1821    0    0    0    13241087       7227       7271       7279  GET / HTTP/1.1
   77   2.925  0.0380  0.0038  0.028  0.038  0.043  0.044  0.049  0.049     77    0    0    0      186494       2422       2422       2422  GET /political_parties/%E5%9B%BD%E6%B0%91%E5%B9%B3%E5%92%8C%E5%85%9A HTTP/1.1
   69   2.667  0.0387  0.0060  0.002  0.039  0.045  0.046  0.048  0.048     69    0    0    0      149747       2167       2170       2391  GET /political_parties/%E5%9B%BD%E6%B0%91%E5%85%83%E6%B0%97%E5%85%9A HTTP/1.1
   67   3.258  0.0486  0.0052  0.035  0.048  0.055  0.055  0.061  0.061     67    0    0    0      168639       2517       2517       2517  GET /political_parties/%E5%9B%BD%E6%B0%9110%E4%BA%BA%E5%A4%A7%E6%B4%BB%E8%BA%8D%E5%85%9A HTTP/1.1
   52   3.042  0.0585  0.0050  0.049  0.058  0.065  0.068  0.073  0.073     52    0    0    0      121888       2344       2344       2344  GET /political_parties/%E5%A4%A2%E5%AE%9F%E7%8F%BE%E5%85%9A HTTP/1.1
   21   0.598  0.0285  0.0038  0.022  0.028  0.033  0.033  0.036  0.036     21    0    0    0       47838       2278       2278       2278  GET /candidates/16 HTTP/1.1
   18   0.475  0.0264  0.0035  0.023  0.025  0.032  0.034  0.034  0.034     18    0    0    0       34470       1915       1915       1915  GET /candidates/11 HTTP/1.1
   17   0.430  0.0253  0.0027  0.022  0.025  0.030  0.030  0.030  0.030     17    0    0    0       36788       2164       2164       2164  GET /candidates/1 HTTP/1.1
   16   0.434  0.0271  0.0027  0.024  0.027  0.030  0.035  0.035  0.035     16    0    0    0       35536       2221       2221       2221  GET /candidates/17 HTTP/1.1
   16   0.407  0.0254  0.0027  0.018  0.026  0.028  0.029  0.029  0.029     16    0    0    0       18480       1155       1155       1155  GET /candidates/25 HTTP/1.1
   15   0.388  0.0259  0.0024  0.022  0.025  0.030  0.031  0.031  0.031     15    0    0    0       34875       2325       2325       2325  GET /candidates/8 HTTP/1.1
   15   0.384  0.0256  0.0027  0.022  0.026  0.030  0.030  0.030  0.030     15    0    0    0       28770       1918       1918       1918  GET /candidates/30 HTTP/1.1
   15   0.397  0.0265  0.0024  0.023  0.026  0.030  0.032  0.032  0.032     15    0    0    0       34920       2328       2328       2328  GET /candidates/15 HTTP/1.1
   14   0.407  0.0291  0.0036  0.024  0.028  0.034  0.035  0.035  0.035     14    0    0    0       32396       2314       2314       2314  GET /candidates/21 HTTP/1.1
   14   0.372  0.0266  0.0029  0.021  0.027  0.031  0.031  0.031  0.031     14    0    0    0       30996       2214       2214       2214  GET /candidates/27 HTTP/1.1
   14   0.513  0.0366  0.0030  0.031  0.037  0.040  0.042  0.042  0.042     14    0    0    0       31094       2221       2221       2221  GET /candidates/4 HTTP/1.1
   14   0.379  0.0271  0.0032  0.022  0.028  0.032  0.033  0.033  0.033     14    0    0    0       28182       2013       2013       2013  GET /candidates/12 HTTP/1.1
   14   0.347  0.0248  0.0026  0.022  0.025  0.027  0.032  0.032  0.032     14    0    0    0       31080       2220       2220       2220  GET /candidates/29 HTTP/1.1

Top 20 Sort By Total
Count   Total    Mean  Stddev    Min  P50.0  P90.0  P95.0  P99.0    Max    2xx  3xx  4xx  5xx  TotalBytes   MinBytes  MeanBytes   MaxBytes  Request
22907  71.675  0.0031  0.0014  0.001  0.003  0.005  0.005  0.006  0.039  22907    0    0    0   247150243      10776      10789      10808  POST /vote HTTP/1.1
 1821  22.556  0.0124  0.0022  0.002  0.012  0.016  0.017  0.018  0.024   1821    0    0    0    13241087       7227       7271       7279  GET / HTTP/1.1
    1   5.292  5.2920  0.0000  5.292  5.292  5.292  5.292  5.292  5.292      1    0    0    0           6          6          6          6  GET /initialize HTTP/1.1
   67   3.258  0.0486  0.0052  0.035  0.048  0.055  0.055  0.061  0.061     67    0    0    0      168639       2517       2517       2517  GET /political_parties/%E5%9B%BD%E6%B0%9110%E4%BA%BA%E5%A4%A7%E6%B4%BB%E8%BA%8D%E5%85%9A HTTP/1.1
   52   3.042  0.0585  0.0050  0.049  0.058  0.065  0.068  0.073  0.073     52    0    0    0      121888       2344       2344       2344  GET /political_parties/%E5%A4%A2%E5%AE%9F%E7%8F%BE%E5%85%9A HTTP/1.1
   77   2.925  0.0380  0.0038  0.028  0.038  0.043  0.044  0.049  0.049     77    0    0    0      186494       2422       2422       2422  GET /political_parties/%E5%9B%BD%E6%B0%91%E5%B9%B3%E5%92%8C%E5%85%9A HTTP/1.1
   69   2.667  0.0387  0.0060  0.002  0.039  0.045  0.046  0.048  0.048     69    0    0    0      149747       2167       2170       2391  GET /political_parties/%E5%9B%BD%E6%B0%91%E5%85%83%E6%B0%97%E5%85%9A HTTP/1.1
   21   0.598  0.0285  0.0038  0.022  0.028  0.033  0.033  0.036  0.036     21    0    0    0       47838       2278       2278       2278  GET /candidates/16 HTTP/1.1
   14   0.513  0.0366  0.0030  0.031  0.037  0.040  0.042  0.042  0.042     14    0    0    0       31094       2221       2221       2221  GET /candidates/4 HTTP/1.1
   18   0.475  0.0264  0.0035  0.023  0.025  0.032  0.034  0.034  0.034     18    0    0    0       34470       1915       1915       1915  GET /candidates/11 HTTP/1.1
 2464   0.446  0.0002  0.0004  0.000  0.000  0.001  0.001  0.001  0.005   2464    0    0    0   272779974      32447     110706     122540  GET /css/bootstrap.min.css HTTP/1.1
   16   0.434  0.0271  0.0027  0.024  0.027  0.030  0.035  0.035  0.035     16    0    0    0       35536       2221       2221       2221  GET /candidates/17 HTTP/1.1
   17   0.430  0.0253  0.0027  0.022  0.025  0.030  0.030  0.030  0.030     17    0    0    0       36788       2164       2164       2164  GET /candidates/1 HTTP/1.1
   16   0.407  0.0254  0.0027  0.018  0.026  0.028  0.029  0.029  0.029     16    0    0    0       18480       1155       1155       1155  GET /candidates/25 HTTP/1.1
   14   0.407  0.0291  0.0036  0.024  0.028  0.034  0.035  0.035  0.035     14    0    0    0       32396       2314       2314       2314  GET /candidates/21 HTTP/1.1
   15   0.397  0.0265  0.0024  0.023  0.026  0.030  0.032  0.032  0.032     15    0    0    0       34920       2328       2328       2328  GET /candidates/15 HTTP/1.1
   15   0.388  0.0259  0.0024  0.022  0.025  0.030  0.031  0.031  0.031     15    0    0    0       34875       2325       2325       2325  GET /candidates/8 HTTP/1.1
   15   0.384  0.0256  0.0027  0.022  0.026  0.030  0.030  0.030  0.030     15    0    0    0       28770       1918       1918       1918  GET /candidates/30 HTTP/1.1
   14   0.379  0.0271  0.0032  0.022  0.028  0.032  0.033  0.033  0.033     14    0    0    0       28182       2013       2013       2013  GET /candidates/12 HTTP/1.1
   14   0.372  0.0266  0.0029  0.021  0.027  0.031  0.031  0.031  0.031     14    0    0    0       30996       2214       2214       2214  GET /candidates/27 HTTP/1.1

Top 20 Sort By Mean
Count  Total    Mean  Stddev    Min  P50.0  P90.0  P95.0  P99.0    Max  2xx  3xx  4xx  5xx  TotalBytes   MinBytes  MeanBytes   MaxBytes  Request
    1  5.292  5.2920  0.0000  5.292  5.292  5.292  5.292  5.292  5.292    1    0    0    0           6          6          6          6  GET /initialize HTTP/1.1
   52  3.042  0.0585  0.0050  0.049  0.058  0.065  0.068  0.073  0.073   52    0    0    0      121888       2344       2344       2344  GET /political_parties/%E5%A4%A2%E5%AE%9F%E7%8F%BE%E5%85%9A HTTP/1.1
   67  3.258  0.0486  0.0052  0.035  0.048  0.055  0.055  0.061  0.061   67    0    0    0      168639       2517       2517       2517  GET /political_parties/%E5%9B%BD%E6%B0%9110%E4%BA%BA%E5%A4%A7%E6%B4%BB%E8%BA%8D%E5%85%9A HTTP/1.1
   69  2.667  0.0387  0.0060  0.002  0.039  0.045  0.046  0.048  0.048   69    0    0    0      149747       2167       2170       2391  GET /political_parties/%E5%9B%BD%E6%B0%91%E5%85%83%E6%B0%97%E5%85%9A HTTP/1.1
   77  2.925  0.0380  0.0038  0.028  0.038  0.043  0.044  0.049  0.049   77    0    0    0      186494       2422       2422       2422  GET /political_parties/%E5%9B%BD%E6%B0%91%E5%B9%B3%E5%92%8C%E5%85%9A HTTP/1.1
   14  0.513  0.0366  0.0030  0.031  0.037  0.040  0.042  0.042  0.042   14    0    0    0       31094       2221       2221       2221  GET /candidates/4 HTTP/1.1
   11  0.369  0.0335  0.0106  0.002  0.037  0.041  0.041  0.041  0.041   11    0    0    0       22125       1982       2011       2305  GET /candidates/20 HTTP/1.1
    9  0.288  0.0320  0.0111  0.002  0.035  0.043  0.043  0.043  0.043    9    0    0    0       21407       2071       2378       2417  GET /candidates/23 HTTP/1.1
   14  0.407  0.0291  0.0036  0.024  0.028  0.034  0.035  0.035  0.035   14    0    0    0       32396       2314       2314       2314  GET /candidates/21 HTTP/1.1
   21  0.598  0.0285  0.0038  0.022  0.028  0.033  0.033  0.036  0.036   21    0    0    0       47838       2278       2278       2278  GET /candidates/16 HTTP/1.1
   11  0.312  0.0284  0.0041  0.021  0.029  0.034  0.036  0.036  0.036   11    0    0    0       25355       2305       2305       2305  GET /candidates/19 HTTP/1.1
   12  0.340  0.0283  0.0037  0.023  0.030  0.034  0.034  0.034  0.034   12    0    0    0       28008       2334       2334       2334  GET /candidates/2 HTTP/1.1
    8  0.222  0.0277  0.0030  0.024  0.027  0.034  0.034  0.034  0.034    8    0    0    0       15200       1900       1900       1900  GET /candidates/14 HTTP/1.1
   13  0.360  0.0277  0.0038  0.022  0.028  0.033  0.034  0.034  0.034   13    0    0    0       29302       2254       2254       2254  GET /candidates/5 HTTP/1.1
    5  0.137  0.0274  0.0039  0.021  0.029  0.032  0.032  0.032  0.032    5    0    0    0        9675       1935       1935       1935  GET /candidates/13 HTTP/1.1
   13  0.354  0.0272  0.0035  0.021  0.027  0.032  0.034  0.034  0.034   13    0    0    0       24973       1921       1921       1921  GET /candidates/9 HTTP/1.1
   16  0.434  0.0271  0.0027  0.024  0.027  0.030  0.035  0.035  0.035   16    0    0    0       35536       2221       2221       2221  GET /candidates/17 HTTP/1.1
   12  0.325  0.0271  0.0028  0.024  0.027  0.032  0.032  0.032  0.032   12    0    0    0       27000       2250       2250       2250  GET /candidates/3 HTTP/1.1
   14  0.379  0.0271  0.0032  0.022  0.028  0.032  0.033  0.033  0.033   14    0    0    0       28182       2013       2013       2013  GET /candidates/12 HTTP/1.1
   13  0.351  0.0270  0.0035  0.022  0.027  0.032  0.033  0.033  0.033   13    0    0    0       26884       2068       2068       2068  GET /candidates/22 HTTP/1.1

Top 20 Sort By Standard Deviation
Count  Total    Mean  Stddev    Min  P50.0  P90.0  P95.0  P99.0    Max  2xx  3xx  4xx  5xx  TotalBytes   MinBytes  MeanBytes   MaxBytes  Request
    9  0.288  0.0320  0.0111  0.002  0.035  0.043  0.043  0.043  0.043    9    0    0    0       21407       2071       2378       2417  GET /candidates/23 HTTP/1.1
   11  0.369  0.0335  0.0106  0.002  0.037  0.041  0.041  0.041  0.041   11    0    0    0       22125       1982       2011       2305  GET /candidates/20 HTTP/1.1
   69  2.667  0.0387  0.0060  0.002  0.039  0.045  0.046  0.048  0.048   69    0    0    0      149747       2167       2170       2391  GET /political_parties/%E5%9B%BD%E6%B0%91%E5%85%83%E6%B0%97%E5%85%9A HTTP/1.1
   67  3.258  0.0486  0.0052  0.035  0.048  0.055  0.055  0.061  0.061   67    0    0    0      168639       2517       2517       2517  GET /political_parties/%E5%9B%BD%E6%B0%9110%E4%BA%BA%E5%A4%A7%E6%B4%BB%E8%BA%8D%E5%85%9A HTTP/1.1
   52  3.042  0.0585  0.0050  0.049  0.058  0.065  0.068  0.073  0.073   52    0    0    0      121888       2344       2344       2344  GET /political_parties/%E5%A4%A2%E5%AE%9F%E7%8F%BE%E5%85%9A HTTP/1.1
   11  0.312  0.0284  0.0041  0.021  0.029  0.034  0.036  0.036  0.036   11    0    0    0       25355       2305       2305       2305  GET /candidates/19 HTTP/1.1
   12  0.316  0.0263  0.0041  0.021  0.027  0.032  0.033  0.033  0.033   12    0    0    0       25212       2101       2101       2101  GET /candidates/10 HTTP/1.1
    5  0.137  0.0274  0.0039  0.021  0.029  0.032  0.032  0.032  0.032    5    0    0    0        9675       1935       1935       1935  GET /candidates/13 HTTP/1.1
   21  0.598  0.0285  0.0038  0.022  0.028  0.033  0.033  0.036  0.036   21    0    0    0       47838       2278       2278       2278  GET /candidates/16 HTTP/1.1
   13  0.360  0.0277  0.0038  0.022  0.028  0.033  0.034  0.034  0.034   13    0    0    0       29302       2254       2254       2254  GET /candidates/5 HTTP/1.1
   77  2.925  0.0380  0.0038  0.028  0.038  0.043  0.044  0.049  0.049   77    0    0    0      186494       2422       2422       2422  GET /political_parties/%E5%9B%BD%E6%B0%91%E5%B9%B3%E5%92%8C%E5%85%9A HTTP/1.1
   12  0.340  0.0283  0.0037  0.023  0.030  0.034  0.034  0.034  0.034   12    0    0    0       28008       2334       2334       2334  GET /candidates/2 HTTP/1.1
   14  0.407  0.0291  0.0036  0.024  0.028  0.034  0.035  0.035  0.035   14    0    0    0       32396       2314       2314       2314  GET /candidates/21 HTTP/1.1
    9  0.243  0.0270  0.0035  0.021  0.027  0.033  0.033  0.033  0.033    9    0    0    0       20691       2299       2299       2299  GET /candidates/6 HTTP/1.1
   13  0.351  0.0270  0.0035  0.022  0.027  0.032  0.033  0.033  0.033   13    0    0    0       26884       2068       2068       2068  GET /candidates/22 HTTP/1.1
   13  0.354  0.0272  0.0035  0.021  0.027  0.032  0.034  0.034  0.034   13    0    0    0       24973       1921       1921       1921  GET /candidates/9 HTTP/1.1
   18  0.475  0.0264  0.0035  0.023  0.025  0.032  0.034  0.034  0.034   18    0    0    0       34470       1915       1915       1915  GET /candidates/11 HTTP/1.1
    8  0.209  0.0261  0.0034  0.023  0.026  0.034  0.034  0.034  0.034    8    0    0    0       16544       2068       2068       2068  GET /candidates/18 HTTP/1.1
    8  0.207  0.0259  0.0032  0.022  0.025  0.032  0.032  0.032  0.032    8    0    0    0       16976       2122       2122       2122  GET /candidates/28 HTTP/1.1
   14  0.379  0.0271  0.0032  0.022  0.028  0.032  0.033  0.033  0.033   14    0    0    0       28182       2013       2013       2013  GET /candidates/12 HTTP/1.1

Top 20 Sort By Maximum(100 Percentile)
Count   Total    Mean  Stddev    Min  P50.0  P90.0  P95.0  P99.0    Max    2xx  3xx  4xx  5xx  TotalBytes   MinBytes  MeanBytes   MaxBytes  Request
    1   5.292  5.2920  0.0000  5.292  5.292  5.292  5.292  5.292  5.292      1    0    0    0           6          6          6          6  GET /initialize HTTP/1.1
   52   3.042  0.0585  0.0050  0.049  0.058  0.065  0.068  0.073  0.073     52    0    0    0      121888       2344       2344       2344  GET /political_parties/%E5%A4%A2%E5%AE%9F%E7%8F%BE%E5%85%9A HTTP/1.1
   67   3.258  0.0486  0.0052  0.035  0.048  0.055  0.055  0.061  0.061     67    0    0    0      168639       2517       2517       2517  GET /political_parties/%E5%9B%BD%E6%B0%9110%E4%BA%BA%E5%A4%A7%E6%B4%BB%E8%BA%8D%E5%85%9A HTTP/1.1
   77   2.925  0.0380  0.0038  0.028  0.038  0.043  0.044  0.049  0.049     77    0    0    0      186494       2422       2422       2422  GET /political_parties/%E5%9B%BD%E6%B0%91%E5%B9%B3%E5%92%8C%E5%85%9A HTTP/1.1
   69   2.667  0.0387  0.0060  0.002  0.039  0.045  0.046  0.048  0.048     69    0    0    0      149747       2167       2170       2391  GET /political_parties/%E5%9B%BD%E6%B0%91%E5%85%83%E6%B0%97%E5%85%9A HTTP/1.1
    9   0.288  0.0320  0.0111  0.002  0.035  0.043  0.043  0.043  0.043      9    0    0    0       21407       2071       2378       2417  GET /candidates/23 HTTP/1.1
   14   0.513  0.0366  0.0030  0.031  0.037  0.040  0.042  0.042  0.042     14    0    0    0       31094       2221       2221       2221  GET /candidates/4 HTTP/1.1
   11   0.369  0.0335  0.0106  0.002  0.037  0.041  0.041  0.041  0.041     11    0    0    0       22125       1982       2011       2305  GET /candidates/20 HTTP/1.1
22907  71.675  0.0031  0.0014  0.001  0.003  0.005  0.005  0.006  0.039  22907    0    0    0   247150243      10776      10789      10808  POST /vote HTTP/1.1
   21   0.598  0.0285  0.0038  0.022  0.028  0.033  0.033  0.036  0.036     21    0    0    0       47838       2278       2278       2278  GET /candidates/16 HTTP/1.1
   11   0.312  0.0284  0.0041  0.021  0.029  0.034  0.036  0.036  0.036     11    0    0    0       25355       2305       2305       2305  GET /candidates/19 HTTP/1.1
   14   0.407  0.0291  0.0036  0.024  0.028  0.034  0.035  0.035  0.035     14    0    0    0       32396       2314       2314       2314  GET /candidates/21 HTTP/1.1
   16   0.434  0.0271  0.0027  0.024  0.027  0.030  0.035  0.035  0.035     16    0    0    0       35536       2221       2221       2221  GET /candidates/17 HTTP/1.1
   13   0.360  0.0277  0.0038  0.022  0.028  0.033  0.034  0.034  0.034     13    0    0    0       29302       2254       2254       2254  GET /candidates/5 HTTP/1.1
    8   0.222  0.0277  0.0030  0.024  0.027  0.034  0.034  0.034  0.034      8    0    0    0       15200       1900       1900       1900  GET /candidates/14 HTTP/1.1
   13   0.354  0.0272  0.0035  0.021  0.027  0.032  0.034  0.034  0.034     13    0    0    0       24973       1921       1921       1921  GET /candidates/9 HTTP/1.1
   18   0.475  0.0264  0.0035  0.023  0.025  0.032  0.034  0.034  0.034     18    0    0    0       34470       1915       1915       1915  GET /candidates/11 HTTP/1.1
    8   0.209  0.0261  0.0034  0.023  0.026  0.034  0.034  0.034  0.034      8    0    0    0       16544       2068       2068       2068  GET /candidates/18 HTTP/1.1
   12   0.340  0.0283  0.0037  0.023  0.030  0.034  0.034  0.034  0.034     12    0    0    0       28008       2334       2334       2334  GET /candidates/2 HTTP/1.1
   13   0.351  0.0270  0.0035  0.022  0.027  0.032  0.033  0.033  0.033     13    0    0    0       26884       2068       2068       2068  GET /candidates/22 HTTP/1.1

TOP 37 Slow Requests
 1  5.292  GET /initialize HTTP/1.1
 2  0.073  GET /political_parties/%E5%A4%A2%E5%AE%9F%E7%8F%BE%E5%85%9A HTTP/1.1
 3  0.070  GET /political_parties/%E5%A4%A2%E5%AE%9F%E7%8F%BE%E5%85%9A HTTP/1.1
 4  0.068  GET /political_parties/%E5%A4%A2%E5%AE%9F%E7%8F%BE%E5%85%9A HTTP/1.1
 5  0.066  GET /political_parties/%E5%A4%A2%E5%AE%9F%E7%8F%BE%E5%85%9A HTTP/1.1
 6  0.065  GET /political_parties/%E5%A4%A2%E5%AE%9F%E7%8F%BE%E5%85%9A HTTP/1.1
 7  0.065  GET /political_parties/%E5%A4%A2%E5%AE%9F%E7%8F%BE%E5%85%9A HTTP/1.1
 8  0.065  GET /political_parties/%E5%A4%A2%E5%AE%9F%E7%8F%BE%E5%85%9A HTTP/1.1
 9  0.064  GET /political_parties/%E5%A4%A2%E5%AE%9F%E7%8F%BE%E5%85%9A HTTP/1.1
10  0.064  GET /political_parties/%E5%A4%A2%E5%AE%9F%E7%8F%BE%E5%85%9A HTTP/1.1
11  0.064  GET /political_parties/%E5%A4%A2%E5%AE%9F%E7%8F%BE%E5%85%9A HTTP/1.1
12  0.062  GET /political_parties/%E5%A4%A2%E5%AE%9F%E7%8F%BE%E5%85%9A HTTP/1.1
13  0.062  GET /political_parties/%E5%A4%A2%E5%AE%9F%E7%8F%BE%E5%85%9A HTTP/1.1
14  0.062  GET /political_parties/%E5%A4%A2%E5%AE%9F%E7%8F%BE%E5%85%9A HTTP/1.1
15  0.062  GET /political_parties/%E5%A4%A2%E5%AE%9F%E7%8F%BE%E5%85%9A HTTP/1.1
16  0.061  GET /political_parties/%E5%A4%A2%E5%AE%9F%E7%8F%BE%E5%85%9A HTTP/1.1
17  0.061  GET /political_parties/%E5%9B%BD%E6%B0%9110%E4%BA%BA%E5%A4%A7%E6%B4%BB%E8%BA%8D%E5%85%9A HTTP/1.1
18  0.061  GET /political_parties/%E5%9B%BD%E6%B0%9110%E4%BA%BA%E5%A4%A7%E6%B4%BB%E8%BA%8D%E5%85%9A HTTP/1.1
19  0.061  GET /political_parties/%E5%A4%A2%E5%AE%9F%E7%8F%BE%E5%85%9A HTTP/1.1
20  0.061  GET /political_parties/%E5%A4%A2%E5%AE%9F%E7%8F%BE%E5%85%9A HTTP/1.1
21  0.060  GET /political_parties/%E5%A4%A2%E5%AE%9F%E7%8F%BE%E5%85%9A HTTP/1.1
22  0.060  GET /political_parties/%E5%A4%A2%E5%AE%9F%E7%8F%BE%E5%85%9A HTTP/1.1
23  0.059  GET /political_parties/%E5%A4%A2%E5%AE%9F%E7%8F%BE%E5%85%9A HTTP/1.1
24  0.059  GET /political_parties/%E5%A4%A2%E5%AE%9F%E7%8F%BE%E5%85%9A HTTP/1.1
25  0.058  GET /political_parties/%E5%A4%A2%E5%AE%9F%E7%8F%BE%E5%85%9A HTTP/1.1
26  0.058  GET /political_parties/%E5%A4%A2%E5%AE%9F%E7%8F%BE%E5%85%9A HTTP/1.1
27  0.058  GET /political_parties/%E5%A4%A2%E5%AE%9F%E7%8F%BE%E5%85%9A HTTP/1.1
28  0.058  GET /political_parties/%E5%A4%A2%E5%AE%9F%E7%8F%BE%E5%85%9A HTTP/1.1
29  0.058  GET /political_parties/%E5%A4%A2%E5%AE%9F%E7%8F%BE%E5%85%9A HTTP/1.1
30  0.057  GET /political_parties/%E5%A4%A2%E5%AE%9F%E7%8F%BE%E5%85%9A HTTP/1.1
31  0.057  GET /political_parties/%E5%A4%A2%E5%AE%9F%E7%8F%BE%E5%85%9A HTTP/1.1
32  0.057  GET /political_parties/%E5%A4%A2%E5%AE%9F%E7%8F%BE%E5%85%9A HTTP/1.1
33  0.057  GET /political_parties/%E5%A4%A2%E5%AE%9F%E7%8F%BE%E5%85%9A HTTP/1.1
34  0.057  GET /political_parties/%E5%A4%A2%E5%AE%9F%E7%8F%BE%E5%85%9A HTTP/1.1
35  0.056  GET /political_parties/%E5%A4%A2%E5%AE%9F%E7%8F%BE%E5%85%9A HTTP/1.1
36  0.056  GET /political_parties/%E5%A4%A2%E5%AE%9F%E7%8F%BE%E5%85%9A HTTP/1.1
37  0.056  GET /political_parties/%E5%9B%BD%E6%B0%9110%E4%BA%BA%E5%A4%A7%E6%B4%BB%E8%BA%8D%E5%85%9A HTTP/1.1
