Top 20 Sort By Count
Count    Total    Mean  Stddev    Min  P50.0  P90.0  P95.0  P99.0    Max   2xx  3xx  4xx  5xx  TotalBytes   MinBytes  MeanBytes   MaxBytes  Request
 9707  156.486  0.0161  0.0427  0.001  0.003  0.045  0.111  0.224  0.325  9707    0    0    0    51147750       5256       5269       5280  POST /vote HTTP/1.1
 1272    0.658  0.0005  0.0006  0.000  0.000  0.001  0.001  0.002  0.004  1272    0    0    0   142449096      32526     111988     122540  GET /css/bootstrap.min.css HTTP/1.1
 1033   38.265  0.0370  0.0065  0.002  0.036  0.047  0.049  0.052  0.075  1033    0    0    0     7488866       7230       7249       7255  GET / HTTP/1.1
   25    5.968  0.2387  0.0152  0.210  0.238  0.259  0.262  0.274  0.274    25    0    0    0       58275       2331       2331       2331  GET /political_parties/%E5%A4%A2%E5%AE%9F%E7%8F%BE%E5%85%9A HTTP/1.1
   23    3.288  0.1430  0.0353  0.003  0.150  0.171  0.172  0.173  0.173    23    0    0    0       50971       2211       2216       2329  GET /political_parties/%E5%9B%BD%E6%B0%91%E5%85%83%E6%B0%97%E5%85%9A HTTP/1.1
   20    3.649  0.1824  0.0263  0.110  0.192  0.215  0.218  0.218  0.218    20    0    0    0       51580       2579       2579       2579  GET /political_parties/%E5%9B%BD%E6%B0%9110%E4%BA%BA%E5%A4%A7%E6%B4%BB%E8%BA%8D%E5%85%9A HTTP/1.1
   13    2.004  0.1542  0.0153  0.134  0.154  0.174  0.176  0.176  0.176    13    0    0    0       31551       2427       2427       2427  GET /political_parties/%E5%9B%BD%E6%B0%91%E5%B9%B3%E5%92%8C%E5%85%9A HTTP/1.1
   12    0.879  0.0732  0.0083  0.059  0.076  0.081  0.087  0.087  0.087    12    0    0    0       13860       1155       1155       1155  GET /candidates/25 HTTP/1.1
   11    1.198  0.1089  0.0351  0.003  0.114  0.140  0.140  0.140  0.140    11    0    0    0       24416       1756       2219       2266  GET /candidates/20 HTTP/1.1
    9    0.810  0.0900  0.0102  0.074  0.089  0.107  0.107  0.107  0.107     9    0    0    0       18387       2043       2043       2043  GET /candidates/5 HTTP/1.1
    8    0.642  0.0803  0.0082  0.068  0.086  0.090  0.090  0.090  0.090     8    0    0    0       16048       2006       2006       2006  GET /candidates/15 HTTP/1.1
    8    0.665  0.0831  0.0139  0.056  0.093  0.096  0.096  0.096  0.096     8    0    0    0       17728       2216       2216       2216  GET /candidates/27 HTTP/1.1
    7    0.577  0.0824  0.0066  0.074  0.080  0.095  0.095  0.095  0.095     7    0    0    0       14091       2013       2013       2013  GET /candidates/11 HTTP/1.1
    7    0.610  0.0871  0.0087  0.079  0.082  0.104  0.104  0.104  0.104     7    0    0    0       14049       2007       2007       2007  GET /candidates/17 HTTP/1.1
    7    0.608  0.0869  0.0099  0.074  0.090  0.100  0.100  0.100  0.100     7    0    0    0       14070       2010       2010       2010  GET /candidates/30 HTTP/1.1
    6    0.514  0.0857  0.0078  0.080  0.083  0.103  0.103  0.103  0.103     6    0    0    0       13296       2216       2216       2216  GET /candidates/3 HTTP/1.1
    6    0.616  0.1027  0.0471  0.003  0.133  0.139  0.139  0.139  0.139     6    0    0    0       13410       1830       2235       2316  GET /candidates/4 HTTP/1.1
    6    0.474  0.0790  0.0054  0.069  0.081  0.086  0.086  0.086  0.086     6    0    0    0       12114       2019       2019       2019  GET /candidates/9 HTTP/1.1
    6    0.473  0.0788  0.0051  0.069  0.080  0.084  0.084  0.084  0.084     6    0    0    0        8082       1347       1347       1347  GET /candidates/13 HTTP/1.1
    5    0.422  0.0844  0.0115  0.071  0.087  0.101  0.101  0.101  0.101     5    0    0    0       12310       2462       2462       2462  GET /candidates/2 HTTP/1.1

Top 20 Sort By Total
Count    Total    Mean  Stddev    Min  P50.0  P90.0  P95.0  P99.0    Max   2xx  3xx  4xx  5xx  TotalBytes   MinBytes  MeanBytes   MaxBytes  Request
 9707  156.486  0.0161  0.0427  0.001  0.003  0.045  0.111  0.224  0.325  9707    0    0    0    51147750       5256       5269       5280  POST /vote HTTP/1.1
 1033   38.265  0.0370  0.0065  0.002  0.036  0.047  0.049  0.052  0.075  1033    0    0    0     7488866       7230       7249       7255  GET / HTTP/1.1
   25    5.968  0.2387  0.0152  0.210  0.238  0.259  0.262  0.274  0.274    25    0    0    0       58275       2331       2331       2331  GET /political_parties/%E5%A4%A2%E5%AE%9F%E7%8F%BE%E5%85%9A HTTP/1.1
   20    3.649  0.1824  0.0263  0.110  0.192  0.215  0.218  0.218  0.218    20    0    0    0       51580       2579       2579       2579  GET /political_parties/%E5%9B%BD%E6%B0%9110%E4%BA%BA%E5%A4%A7%E6%B4%BB%E8%BA%8D%E5%85%9A HTTP/1.1
   23    3.288  0.1430  0.0353  0.003  0.150  0.171  0.172  0.173  0.173    23    0    0    0       50971       2211       2216       2329  GET /political_parties/%E5%9B%BD%E6%B0%91%E5%85%83%E6%B0%97%E5%85%9A HTTP/1.1
   13    2.004  0.1542  0.0153  0.134  0.154  0.174  0.176  0.176  0.176    13    0    0    0       31551       2427       2427       2427  GET /political_parties/%E5%9B%BD%E6%B0%91%E5%B9%B3%E5%92%8C%E5%85%9A HTTP/1.1
   11    1.198  0.1089  0.0351  0.003  0.114  0.140  0.140  0.140  0.140    11    0    0    0       24416       1756       2219       2266  GET /candidates/20 HTTP/1.1
   12    0.879  0.0732  0.0083  0.059  0.076  0.081  0.087  0.087  0.087    12    0    0    0       13860       1155       1155       1155  GET /candidates/25 HTTP/1.1
    9    0.810  0.0900  0.0102  0.074  0.089  0.107  0.107  0.107  0.107     9    0    0    0       18387       2043       2043       2043  GET /candidates/5 HTTP/1.1
    8    0.665  0.0831  0.0139  0.056  0.093  0.096  0.096  0.096  0.096     8    0    0    0       17728       2216       2216       2216  GET /candidates/27 HTTP/1.1
 1272    0.658  0.0005  0.0006  0.000  0.000  0.001  0.001  0.002  0.004  1272    0    0    0   142449096      32526     111988     122540  GET /css/bootstrap.min.css HTTP/1.1
    8    0.642  0.0803  0.0082  0.068  0.086  0.090  0.090  0.090  0.090     8    0    0    0       16048       2006       2006       2006  GET /candidates/15 HTTP/1.1
    6    0.616  0.1027  0.0471  0.003  0.133  0.139  0.139  0.139  0.139     6    0    0    0       13410       1830       2235       2316  GET /candidates/4 HTTP/1.1
    7    0.610  0.0871  0.0087  0.079  0.082  0.104  0.104  0.104  0.104     7    0    0    0       14049       2007       2007       2007  GET /candidates/17 HTTP/1.1
    7    0.608  0.0869  0.0099  0.074  0.090  0.100  0.100  0.100  0.100     7    0    0    0       14070       2010       2010       2010  GET /candidates/30 HTTP/1.1
    7    0.577  0.0824  0.0066  0.074  0.080  0.095  0.095  0.095  0.095     7    0    0    0       14091       2013       2013       2013  GET /candidates/11 HTTP/1.1
    6    0.514  0.0857  0.0078  0.080  0.083  0.103  0.103  0.103  0.103     6    0    0    0       13296       2216       2216       2216  GET /candidates/3 HTTP/1.1
    4    0.514  0.1285  0.0021  0.126  0.130  0.131  0.131  0.131  0.131     4    0    0    0        8548       2137       2137       2137  GET /candidates/23 HTTP/1.1
    6    0.474  0.0790  0.0054  0.069  0.081  0.086  0.086  0.086  0.086     6    0    0    0       12114       2019       2019       2019  GET /candidates/9 HTTP/1.1
    6    0.473  0.0788  0.0051  0.069  0.080  0.084  0.084  0.084  0.084     6    0    0    0        8082       1347       1347       1347  GET /candidates/13 HTTP/1.1

Top 20 Sort By Mean
Count  Total    Mean  Stddev    Min  P50.0  P90.0  P95.0  P99.0    Max  2xx  3xx  4xx  5xx  TotalBytes   MinBytes  MeanBytes   MaxBytes  Request
   25  5.968  0.2387  0.0152  0.210  0.238  0.259  0.262  0.274  0.274   25    0    0    0       58275       2331       2331       2331  GET /political_parties/%E5%A4%A2%E5%AE%9F%E7%8F%BE%E5%85%9A HTTP/1.1
   20  3.649  0.1824  0.0263  0.110  0.192  0.215  0.218  0.218  0.218   20    0    0    0       51580       2579       2579       2579  GET /political_parties/%E5%9B%BD%E6%B0%9110%E4%BA%BA%E5%A4%A7%E6%B4%BB%E8%BA%8D%E5%85%9A HTTP/1.1
   13  2.004  0.1542  0.0153  0.134  0.154  0.174  0.176  0.176  0.176   13    0    0    0       31551       2427       2427       2427  GET /political_parties/%E5%9B%BD%E6%B0%91%E5%B9%B3%E5%92%8C%E5%85%9A HTTP/1.1
   23  3.288  0.1430  0.0353  0.003  0.150  0.171  0.172  0.173  0.173   23    0    0    0       50971       2211       2216       2329  GET /political_parties/%E5%9B%BD%E6%B0%91%E5%85%83%E6%B0%97%E5%85%9A HTTP/1.1
    4  0.514  0.1285  0.0021  0.126  0.130  0.131  0.131  0.131  0.131    4    0    0    0        8548       2137       2137       2137  GET /candidates/23 HTTP/1.1
   11  1.198  0.1089  0.0351  0.003  0.114  0.140  0.140  0.140  0.140   11    0    0    0       24416       1756       2219       2266  GET /candidates/20 HTTP/1.1
    6  0.616  0.1027  0.0471  0.003  0.133  0.139  0.139  0.139  0.139    6    0    0    0       13410       1830       2235       2316  GET /candidates/4 HTTP/1.1
    3  0.290  0.0967  0.0192  0.071  0.102  0.117  0.117  0.117  0.117    3    0    0    0        5760       1920       1920       1920  GET /candidates/19 HTTP/1.1
    5  0.466  0.0932  0.0086  0.078  0.095  0.104  0.104  0.104  0.104    5    0    0    0       10950       2190       2190       2190  GET /candidates/22 HTTP/1.1
    1  0.092  0.0920  0.0000  0.092  0.092  0.092  0.092  0.092  0.092    1    0    0    0        1857       1857       1857       1857  GET /candidates/6 HTTP/1.1
    9  0.810  0.0900  0.0102  0.074  0.089  0.107  0.107  0.107  0.107    9    0    0    0       18387       2043       2043       2043  GET /candidates/5 HTTP/1.1
    4  0.358  0.0895  0.0114  0.072  0.098  0.101  0.101  0.101  0.101    4    0    0    0        8412       2103       2103       2103  GET /candidates/7 HTTP/1.1
    7  0.610  0.0871  0.0087  0.079  0.082  0.104  0.104  0.104  0.104    7    0    0    0       14049       2007       2007       2007  GET /candidates/17 HTTP/1.1
    7  0.608  0.0869  0.0099  0.074  0.090  0.100  0.100  0.100  0.100    7    0    0    0       14070       2010       2010       2010  GET /candidates/30 HTTP/1.1
    6  0.514  0.0857  0.0078  0.080  0.083  0.103  0.103  0.103  0.103    6    0    0    0       13296       2216       2216       2216  GET /candidates/3 HTTP/1.1
    4  0.342  0.0855  0.0032  0.080  0.087  0.088  0.088  0.088  0.088    4    0    0    0        8652       2163       2163       2163  GET /candidates/10 HTTP/1.1
    5  0.427  0.0854  0.0066  0.077  0.083  0.097  0.097  0.097  0.097    5    0    0    0        8850       1770       1770       1770  GET /candidates/14 HTTP/1.1
    4  0.338  0.0845  0.0095  0.072  0.091  0.096  0.096  0.096  0.096    4    0    0    0        7716       1929       1929       1929  GET /candidates/21 HTTP/1.1
    5  0.422  0.0844  0.0115  0.071  0.087  0.101  0.101  0.101  0.101    5    0    0    0       12310       2462       2462       2462  GET /candidates/2 HTTP/1.1
    3  0.253  0.0843  0.0065  0.076  0.085  0.092  0.092  0.092  0.092    3    0    0    0        7134       2378       2378       2378  GET /candidates/29 HTTP/1.1

Top 20 Sort By Standard Deviation
Count    Total    Mean  Stddev    Min  P50.0  P90.0  P95.0  P99.0    Max   2xx  3xx  4xx  5xx  TotalBytes   MinBytes  MeanBytes   MaxBytes  Request
    6    0.616  0.1027  0.0471  0.003  0.133  0.139  0.139  0.139  0.139     6    0    0    0       13410       1830       2235       2316  GET /candidates/4 HTTP/1.1
 9707  156.486  0.0161  0.0427  0.001  0.003  0.045  0.111  0.224  0.325  9707    0    0    0    51147750       5256       5269       5280  POST /vote HTTP/1.1
   23    3.288  0.1430  0.0353  0.003  0.150  0.171  0.172  0.173  0.173    23    0    0    0       50971       2211       2216       2329  GET /political_parties/%E5%9B%BD%E6%B0%91%E5%85%83%E6%B0%97%E5%85%9A HTTP/1.1
   11    1.198  0.1089  0.0351  0.003  0.114  0.140  0.140  0.140  0.140    11    0    0    0       24416       1756       2219       2266  GET /candidates/20 HTTP/1.1
   20    3.649  0.1824  0.0263  0.110  0.192  0.215  0.218  0.218  0.218    20    0    0    0       51580       2579       2579       2579  GET /political_parties/%E5%9B%BD%E6%B0%9110%E4%BA%BA%E5%A4%A7%E6%B4%BB%E8%BA%8D%E5%85%9A HTTP/1.1
    3    0.290  0.0967  0.0192  0.071  0.102  0.117  0.117  0.117  0.117     3    0    0    0        5760       1920       1920       1920  GET /candidates/19 HTTP/1.1
   13    2.004  0.1542  0.0153  0.134  0.154  0.174  0.176  0.176  0.176    13    0    0    0       31551       2427       2427       2427  GET /political_parties/%E5%9B%BD%E6%B0%91%E5%B9%B3%E5%92%8C%E5%85%9A HTTP/1.1
   25    5.968  0.2387  0.0152  0.210  0.238  0.259  0.262  0.274  0.274    25    0    0    0       58275       2331       2331       2331  GET /political_parties/%E5%A4%A2%E5%AE%9F%E7%8F%BE%E5%85%9A HTTP/1.1
    8    0.665  0.0831  0.0139  0.056  0.093  0.096  0.096  0.096  0.096     8    0    0    0       17728       2216       2216       2216  GET /candidates/27 HTTP/1.1
    5    0.422  0.0844  0.0115  0.071  0.087  0.101  0.101  0.101  0.101     5    0    0    0       12310       2462       2462       2462  GET /candidates/2 HTTP/1.1
    4    0.358  0.0895  0.0114  0.072  0.098  0.101  0.101  0.101  0.101     4    0    0    0        8412       2103       2103       2103  GET /candidates/7 HTTP/1.1
    9    0.810  0.0900  0.0102  0.074  0.089  0.107  0.107  0.107  0.107     9    0    0    0       18387       2043       2043       2043  GET /candidates/5 HTTP/1.1
    4    0.328  0.0820  0.0102  0.070  0.082  0.098  0.098  0.098  0.098     4    0    0    0        9180       2295       2295       2295  GET /candidates/28 HTTP/1.1
    7    0.608  0.0869  0.0099  0.074  0.090  0.100  0.100  0.100  0.100     7    0    0    0       14070       2010       2010       2010  GET /candidates/30 HTTP/1.1
    4    0.338  0.0845  0.0095  0.072  0.091  0.096  0.096  0.096  0.096     4    0    0    0        7716       1929       1929       1929  GET /candidates/21 HTTP/1.1
    4    0.311  0.0777  0.0090  0.071  0.076  0.093  0.093  0.093  0.093     4    0    0    0        7060       1765       1765       1765  GET /candidates/12 HTTP/1.1
    7    0.610  0.0871  0.0087  0.079  0.082  0.104  0.104  0.104  0.104     7    0    0    0       14049       2007       2007       2007  GET /candidates/17 HTTP/1.1
    5    0.466  0.0932  0.0086  0.078  0.095  0.104  0.104  0.104  0.104     5    0    0    0       10950       2190       2190       2190  GET /candidates/22 HTTP/1.1
   12    0.879  0.0732  0.0083  0.059  0.076  0.081  0.087  0.087  0.087    12    0    0    0       13860       1155       1155       1155  GET /candidates/25 HTTP/1.1
    8    0.642  0.0803  0.0082  0.068  0.086  0.090  0.090  0.090  0.090     8    0    0    0       16048       2006       2006       2006  GET /candidates/15 HTTP/1.1

Top 20 Sort By Maximum(100 Percentile)
Count    Total    Mean  Stddev    Min  P50.0  P90.0  P95.0  P99.0    Max   2xx  3xx  4xx  5xx  TotalBytes   MinBytes  MeanBytes   MaxBytes  Request
 9707  156.486  0.0161  0.0427  0.001  0.003  0.045  0.111  0.224  0.325  9707    0    0    0    51147750       5256       5269       5280  POST /vote HTTP/1.1
   25    5.968  0.2387  0.0152  0.210  0.238  0.259  0.262  0.274  0.274    25    0    0    0       58275       2331       2331       2331  GET /political_parties/%E5%A4%A2%E5%AE%9F%E7%8F%BE%E5%85%9A HTTP/1.1
   20    3.649  0.1824  0.0263  0.110  0.192  0.215  0.218  0.218  0.218    20    0    0    0       51580       2579       2579       2579  GET /political_parties/%E5%9B%BD%E6%B0%9110%E4%BA%BA%E5%A4%A7%E6%B4%BB%E8%BA%8D%E5%85%9A HTTP/1.1
   13    2.004  0.1542  0.0153  0.134  0.154  0.174  0.176  0.176  0.176    13    0    0    0       31551       2427       2427       2427  GET /political_parties/%E5%9B%BD%E6%B0%91%E5%B9%B3%E5%92%8C%E5%85%9A HTTP/1.1
   23    3.288  0.1430  0.0353  0.003  0.150  0.171  0.172  0.173  0.173    23    0    0    0       50971       2211       2216       2329  GET /political_parties/%E5%9B%BD%E6%B0%91%E5%85%83%E6%B0%97%E5%85%9A HTTP/1.1
   11    1.198  0.1089  0.0351  0.003  0.114  0.140  0.140  0.140  0.140    11    0    0    0       24416       1756       2219       2266  GET /candidates/20 HTTP/1.1
    6    0.616  0.1027  0.0471  0.003  0.133  0.139  0.139  0.139  0.139     6    0    0    0       13410       1830       2235       2316  GET /candidates/4 HTTP/1.1
    4    0.514  0.1285  0.0021  0.126  0.130  0.131  0.131  0.131  0.131     4    0    0    0        8548       2137       2137       2137  GET /candidates/23 HTTP/1.1
    3    0.290  0.0967  0.0192  0.071  0.102  0.117  0.117  0.117  0.117     3    0    0    0        5760       1920       1920       1920  GET /candidates/19 HTTP/1.1
    9    0.810  0.0900  0.0102  0.074  0.089  0.107  0.107  0.107  0.107     9    0    0    0       18387       2043       2043       2043  GET /candidates/5 HTTP/1.1
    5    0.466  0.0932  0.0086  0.078  0.095  0.104  0.104  0.104  0.104     5    0    0    0       10950       2190       2190       2190  GET /candidates/22 HTTP/1.1
    7    0.610  0.0871  0.0087  0.079  0.082  0.104  0.104  0.104  0.104     7    0    0    0       14049       2007       2007       2007  GET /candidates/17 HTTP/1.1
    6    0.514  0.0857  0.0078  0.080  0.083  0.103  0.103  0.103  0.103     6    0    0    0       13296       2216       2216       2216  GET /candidates/3 HTTP/1.1
    4    0.358  0.0895  0.0114  0.072  0.098  0.101  0.101  0.101  0.101     4    0    0    0        8412       2103       2103       2103  GET /candidates/7 HTTP/1.1
    5    0.422  0.0844  0.0115  0.071  0.087  0.101  0.101  0.101  0.101     5    0    0    0       12310       2462       2462       2462  GET /candidates/2 HTTP/1.1
    7    0.608  0.0869  0.0099  0.074  0.090  0.100  0.100  0.100  0.100     7    0    0    0       14070       2010       2010       2010  GET /candidates/30 HTTP/1.1
    4    0.328  0.0820  0.0102  0.070  0.082  0.098  0.098  0.098  0.098     4    0    0    0        9180       2295       2295       2295  GET /candidates/28 HTTP/1.1
    5    0.427  0.0854  0.0066  0.077  0.083  0.097  0.097  0.097  0.097     5    0    0    0        8850       1770       1770       1770  GET /candidates/14 HTTP/1.1
    4    0.338  0.0845  0.0095  0.072  0.091  0.096  0.096  0.096  0.096     4    0    0    0        7716       1929       1929       1929  GET /candidates/21 HTTP/1.1
    8    0.665  0.0831  0.0139  0.056  0.093  0.096  0.096  0.096  0.096     8    0    0    0       17728       2216       2216       2216  GET /candidates/27 HTTP/1.1

TOP 37 Slow Requests
 1  0.325  POST /vote HTTP/1.1
 2  0.324  POST /vote HTTP/1.1
 3  0.323  POST /vote HTTP/1.1
 4  0.320  POST /vote HTTP/1.1
 5  0.311  POST /vote HTTP/1.1
 6  0.310  POST /vote HTTP/1.1
 7  0.308  POST /vote HTTP/1.1
 8  0.306  POST /vote HTTP/1.1
 9  0.303  POST /vote HTTP/1.1
10  0.297  POST /vote HTTP/1.1
11  0.296  POST /vote HTTP/1.1
12  0.296  POST /vote HTTP/1.1
13  0.295  POST /vote HTTP/1.1
14  0.295  POST /vote HTTP/1.1
15  0.294  POST /vote HTTP/1.1
16  0.291  POST /vote HTTP/1.1
17  0.289  POST /vote HTTP/1.1
18  0.289  POST /vote HTTP/1.1
19  0.287  POST /vote HTTP/1.1
20  0.284  POST /vote HTTP/1.1
21  0.284  POST /vote HTTP/1.1
22  0.284  POST /vote HTTP/1.1
23  0.283  POST /vote HTTP/1.1
24  0.280  POST /vote HTTP/1.1
25  0.279  POST /vote HTTP/1.1
26  0.279  POST /vote HTTP/1.1
27  0.277  POST /vote HTTP/1.1
28  0.277  POST /vote HTTP/1.1
29  0.274  POST /vote HTTP/1.1
30  0.274  GET /political_parties/%E5%A4%A2%E5%AE%9F%E7%8F%BE%E5%85%9A HTTP/1.1
31  0.274  POST /vote HTTP/1.1
32  0.271  POST /vote HTTP/1.1
33  0.269  POST /vote HTTP/1.1
34  0.268  POST /vote HTTP/1.1
35  0.267  POST /vote HTTP/1.1
36  0.267  POST /vote HTTP/1.1
37  0.266  POST /vote HTTP/1.1
