Top 20 Sort By Count
Count    Total    Mean  Stddev    Min  P50.0  P90.0  P95.0  P99.0    Max    2xx  3xx  4xx  5xx  TotalBytes   MinBytes  MeanBytes   MaxBytes  Request
14157  133.301  0.0094  0.0041  0.001  0.009  0.015  0.016  0.018  0.043  14157    0    0    0    74516274       5256       5263       5280  POST /vote HTTP/1.1
 2996    0.572  0.0002  0.0006  0.000  0.000  0.001  0.001  0.001  0.025   2996    0    0    0   332004131      32447     110815     122540  GET /css/bootstrap.min.css HTTP/1.1
 2145   18.669  0.0087  0.0017  0.002  0.008  0.011  0.012  0.013  0.033   2145    0    0    0    15604988       7236       7275       7281  GET / HTTP/1.1
   94    2.302  0.0245  0.0026  0.020  0.024  0.028  0.029  0.032  0.032     94    0    0    0      232932       2478       2478       2478  GET /political_parties/%E5%9B%BD%E6%B0%91%E5%B9%B3%E5%92%8C%E5%85%9A HTTP/1.1
   90    2.223  0.0247  0.0035  0.002  0.025  0.029  0.029  0.031  0.031     90    0    0    0      203562       2244       2261       2262  GET /political_parties/%E5%9B%BD%E6%B0%91%E5%85%83%E6%B0%97%E5%85%9A HTTP/1.1
   87    3.304  0.0380  0.0031  0.032  0.038  0.042  0.043  0.046  0.046     87    0    0    0      222198       2554       2554       2554  GET /political_parties/%E5%A4%A2%E5%AE%9F%E7%8F%BE%E5%85%9A HTTP/1.1
   86    2.706  0.0315  0.0031  0.026  0.031  0.035  0.036  0.046  0.046     86    0    0    0      195048       2268       2268       2268  GET /political_parties/%E5%9B%BD%E6%B0%9110%E4%BA%BA%E5%A4%A7%E6%B4%BB%E8%BA%8D%E5%85%9A HTTP/1.1
   29    0.519  0.0179  0.0022  0.015  0.018  0.021  0.021  0.024  0.024     29    0    0    0       68672       2368       2368       2368  GET /candidates/11 HTTP/1.1
   21    0.382  0.0182  0.0026  0.014  0.018  0.022  0.022  0.023  0.023     21    0    0    0       40068       1908       1908       1908  GET /candidates/15 HTTP/1.1
   21    0.371  0.0177  0.0019  0.015  0.017  0.020  0.021  0.023  0.023     21    0    0    0       47586       2266       2266       2266  GET /candidates/9 HTTP/1.1
   20    0.442  0.0221  0.0049  0.002  0.023  0.025  0.026  0.026  0.026     20    0    0    0       40766       2029       2038       2215  GET /candidates/23 HTTP/1.1
   20    0.363  0.0182  0.0026  0.014  0.018  0.023  0.023  0.023  0.023     20    0    0    0       48240       2412       2412       2412  GET /candidates/30 HTTP/1.1
   19    0.331  0.0174  0.0019  0.014  0.017  0.020  0.020  0.020  0.020     19    0    0    0       41325       2175       2175       2175  GET /candidates/27 HTTP/1.1
   19    0.334  0.0176  0.0020  0.014  0.018  0.020  0.021  0.021  0.021     19    0    0    0       41686       2194       2194       2194  GET /candidates/18 HTTP/1.1
   19    0.353  0.0186  0.0029  0.015  0.018  0.024  0.024  0.024  0.024     19    0    0    0       41059       2161       2161       2161  GET /candidates/17 HTTP/1.1
   19    0.319  0.0168  0.0015  0.014  0.017  0.019  0.019  0.019  0.019     19    0    0    0       43662       2298       2298       2298  GET /candidates/3 HTTP/1.1
   18    0.335  0.0186  0.0047  0.014  0.017  0.023  0.035  0.035  0.035     18    0    0    0       34470       1915       1915       1915  GET /candidates/10 HTTP/1.1
   18    0.325  0.0181  0.0018  0.015  0.018  0.020  0.022  0.022  0.022     18    0    0    0       40014       2223       2223       2223  GET /candidates/29 HTTP/1.1
   17    0.302  0.0178  0.0022  0.014  0.018  0.021  0.023  0.023  0.023     17    0    0    0       41123       2419       2419       2419  GET /candidates/19 HTTP/1.1
   17    0.286  0.0168  0.0015  0.014  0.017  0.019  0.020  0.020  0.020     17    0    0    0       36618       2154       2154       2154  GET /candidates/13 HTTP/1.1

Top 20 Sort By Total
Count    Total    Mean  Stddev    Min  P50.0  P90.0  P95.0  P99.0    Max    2xx  3xx  4xx  5xx  TotalBytes   MinBytes  MeanBytes   MaxBytes  Request
14157  133.301  0.0094  0.0041  0.001  0.009  0.015  0.016  0.018  0.043  14157    0    0    0    74516274       5256       5263       5280  POST /vote HTTP/1.1
 2145   18.669  0.0087  0.0017  0.002  0.008  0.011  0.012  0.013  0.033   2145    0    0    0    15604988       7236       7275       7281  GET / HTTP/1.1
    1    4.856  4.8560  0.0000  4.856  4.856  4.856  4.856  4.856  4.856      1    0    0    0           6          6          6          6  GET /initialize HTTP/1.1
   87    3.304  0.0380  0.0031  0.032  0.038  0.042  0.043  0.046  0.046     87    0    0    0      222198       2554       2554       2554  GET /political_parties/%E5%A4%A2%E5%AE%9F%E7%8F%BE%E5%85%9A HTTP/1.1
   86    2.706  0.0315  0.0031  0.026  0.031  0.035  0.036  0.046  0.046     86    0    0    0      195048       2268       2268       2268  GET /political_parties/%E5%9B%BD%E6%B0%9110%E4%BA%BA%E5%A4%A7%E6%B4%BB%E8%BA%8D%E5%85%9A HTTP/1.1
   94    2.302  0.0245  0.0026  0.020  0.024  0.028  0.029  0.032  0.032     94    0    0    0      232932       2478       2478       2478  GET /political_parties/%E5%9B%BD%E6%B0%91%E5%B9%B3%E5%92%8C%E5%85%9A HTTP/1.1
   90    2.223  0.0247  0.0035  0.002  0.025  0.029  0.029  0.031  0.031     90    0    0    0      203562       2244       2261       2262  GET /political_parties/%E5%9B%BD%E6%B0%91%E5%85%83%E6%B0%97%E5%85%9A HTTP/1.1
 2996    0.572  0.0002  0.0006  0.000  0.000  0.001  0.001  0.001  0.025   2996    0    0    0   332004131      32447     110815     122540  GET /css/bootstrap.min.css HTTP/1.1
   29    0.519  0.0179  0.0022  0.015  0.018  0.021  0.021  0.024  0.024     29    0    0    0       68672       2368       2368       2368  GET /candidates/11 HTTP/1.1
   20    0.442  0.0221  0.0049  0.002  0.023  0.025  0.026  0.026  0.026     20    0    0    0       40766       2029       2038       2215  GET /candidates/23 HTTP/1.1
   16    0.389  0.0243  0.0033  0.019  0.023  0.030  0.032  0.032  0.032     16    0    0    0       37024       2314       2314       2314  GET /candidates/20 HTTP/1.1
   21    0.382  0.0182  0.0026  0.014  0.018  0.022  0.022  0.023  0.023     21    0    0    0       40068       1908       1908       1908  GET /candidates/15 HTTP/1.1
   21    0.371  0.0177  0.0019  0.015  0.017  0.020  0.021  0.023  0.023     21    0    0    0       47586       2266       2266       2266  GET /candidates/9 HTTP/1.1
   20    0.363  0.0182  0.0026  0.014  0.018  0.023  0.023  0.023  0.023     20    0    0    0       48240       2412       2412       2412  GET /candidates/30 HTTP/1.1
   19    0.353  0.0186  0.0029  0.015  0.018  0.024  0.024  0.024  0.024     19    0    0    0       41059       2161       2161       2161  GET /candidates/17 HTTP/1.1
   18    0.335  0.0186  0.0047  0.014  0.017  0.023  0.035  0.035  0.035     18    0    0    0       34470       1915       1915       1915  GET /candidates/10 HTTP/1.1
   19    0.334  0.0176  0.0020  0.014  0.018  0.020  0.021  0.021  0.021     19    0    0    0       41686       2194       2194       2194  GET /candidates/18 HTTP/1.1
   19    0.331  0.0174  0.0019  0.014  0.017  0.020  0.020  0.020  0.020     19    0    0    0       41325       2175       2175       2175  GET /candidates/27 HTTP/1.1
   18    0.325  0.0181  0.0018  0.015  0.018  0.020  0.022  0.022  0.022     18    0    0    0       40014       2223       2223       2223  GET /candidates/29 HTTP/1.1
   19    0.319  0.0168  0.0015  0.014  0.017  0.019  0.019  0.019  0.019     19    0    0    0       43662       2298       2298       2298  GET /candidates/3 HTTP/1.1

Top 20 Sort By Mean
Count  Total    Mean  Stddev    Min  P50.0  P90.0  P95.0  P99.0    Max  2xx  3xx  4xx  5xx  TotalBytes   MinBytes  MeanBytes   MaxBytes  Request
    1  4.856  4.8560  0.0000  4.856  4.856  4.856  4.856  4.856  4.856    1    0    0    0           6          6          6          6  GET /initialize HTTP/1.1
   87  3.304  0.0380  0.0031  0.032  0.038  0.042  0.043  0.046  0.046   87    0    0    0      222198       2554       2554       2554  GET /political_parties/%E5%A4%A2%E5%AE%9F%E7%8F%BE%E5%85%9A HTTP/1.1
   86  2.706  0.0315  0.0031  0.026  0.031  0.035  0.036  0.046  0.046   86    0    0    0      195048       2268       2268       2268  GET /political_parties/%E5%9B%BD%E6%B0%9110%E4%BA%BA%E5%A4%A7%E6%B4%BB%E8%BA%8D%E5%85%9A HTTP/1.1
   90  2.223  0.0247  0.0035  0.002  0.025  0.029  0.029  0.031  0.031   90    0    0    0      203562       2244       2261       2262  GET /political_parties/%E5%9B%BD%E6%B0%91%E5%85%83%E6%B0%97%E5%85%9A HTTP/1.1
   94  2.302  0.0245  0.0026  0.020  0.024  0.028  0.029  0.032  0.032   94    0    0    0      232932       2478       2478       2478  GET /political_parties/%E5%9B%BD%E6%B0%91%E5%B9%B3%E5%92%8C%E5%85%9A HTTP/1.1
   16  0.389  0.0243  0.0033  0.019  0.023  0.030  0.032  0.032  0.032   16    0    0    0       37024       2314       2314       2314  GET /candidates/20 HTTP/1.1
   20  0.442  0.0221  0.0049  0.002  0.023  0.025  0.026  0.026  0.026   20    0    0    0       40766       2029       2038       2215  GET /candidates/23 HTTP/1.1
   13  0.269  0.0207  0.0059  0.001  0.023  0.024  0.025  0.025  0.025   13    0    0    0       27492       2109       2114       2184  GET /candidates/4 HTTP/1.1
   15  0.286  0.0191  0.0070  0.014  0.017  0.021  0.044  0.044  0.044   15    0    0    0       30660       2044       2044       2044  GET /candidates/22 HTTP/1.1
   18  0.335  0.0186  0.0047  0.014  0.017  0.023  0.035  0.035  0.035   18    0    0    0       34470       1915       1915       1915  GET /candidates/10 HTTP/1.1
   19  0.353  0.0186  0.0029  0.015  0.018  0.024  0.024  0.024  0.024   19    0    0    0       41059       2161       2161       2161  GET /candidates/17 HTTP/1.1
   21  0.382  0.0182  0.0026  0.014  0.018  0.022  0.022  0.023  0.023   21    0    0    0       40068       1908       1908       1908  GET /candidates/15 HTTP/1.1
   20  0.363  0.0182  0.0026  0.014  0.018  0.023  0.023  0.023  0.023   20    0    0    0       48240       2412       2412       2412  GET /candidates/30 HTTP/1.1
   18  0.325  0.0181  0.0018  0.015  0.018  0.020  0.022  0.022  0.022   18    0    0    0       40014       2223       2223       2223  GET /candidates/29 HTTP/1.1
   29  0.519  0.0179  0.0022  0.015  0.018  0.021  0.021  0.024  0.024   29    0    0    0       68672       2368       2368       2368  GET /candidates/11 HTTP/1.1
   16  0.285  0.0178  0.0022  0.014  0.018  0.022  0.022  0.022  0.022   16    0    0    0       32320       2020       2020       2020  GET /candidates/14 HTTP/1.1
   17  0.302  0.0178  0.0022  0.014  0.018  0.021  0.023  0.023  0.023   17    0    0    0       41123       2419       2419       2419  GET /candidates/19 HTTP/1.1
   14  0.248  0.0177  0.0024  0.015  0.017  0.020  0.025  0.025  0.025   14    0    0    0       27776       1984       1984       1984  GET /candidates/16 HTTP/1.1
   13  0.230  0.0177  0.0019  0.015  0.017  0.020  0.021  0.021  0.021   13    0    0    0       25870       1990       1990       1990  GET /candidates/21 HTTP/1.1
   21  0.371  0.0177  0.0019  0.015  0.017  0.020  0.021  0.023  0.023   21    0    0    0       47586       2266       2266       2266  GET /candidates/9 HTTP/1.1

Top 20 Sort By Standard Deviation
Count    Total    Mean  Stddev    Min  P50.0  P90.0  P95.0  P99.0    Max    2xx  3xx  4xx  5xx  TotalBytes   MinBytes  MeanBytes   MaxBytes  Request
   15    0.286  0.0191  0.0070  0.014  0.017  0.021  0.044  0.044  0.044     15    0    0    0       30660       2044       2044       2044  GET /candidates/22 HTTP/1.1
   13    0.269  0.0207  0.0059  0.001  0.023  0.024  0.025  0.025  0.025     13    0    0    0       27492       2109       2114       2184  GET /candidates/4 HTTP/1.1
   20    0.442  0.0221  0.0049  0.002  0.023  0.025  0.026  0.026  0.026     20    0    0    0       40766       2029       2038       2215  GET /candidates/23 HTTP/1.1
   18    0.335  0.0186  0.0047  0.014  0.017  0.023  0.035  0.035  0.035     18    0    0    0       34470       1915       1915       1915  GET /candidates/10 HTTP/1.1
14157  133.301  0.0094  0.0041  0.001  0.009  0.015  0.016  0.018  0.043  14157    0    0    0    74516274       5256       5263       5280  POST /vote HTTP/1.1
   90    2.223  0.0247  0.0035  0.002  0.025  0.029  0.029  0.031  0.031     90    0    0    0      203562       2244       2261       2262  GET /political_parties/%E5%9B%BD%E6%B0%91%E5%85%83%E6%B0%97%E5%85%9A HTTP/1.1
   16    0.389  0.0243  0.0033  0.019  0.023  0.030  0.032  0.032  0.032     16    0    0    0       37024       2314       2314       2314  GET /candidates/20 HTTP/1.1
   86    2.706  0.0315  0.0031  0.026  0.031  0.035  0.036  0.046  0.046     86    0    0    0      195048       2268       2268       2268  GET /political_parties/%E5%9B%BD%E6%B0%9110%E4%BA%BA%E5%A4%A7%E6%B4%BB%E8%BA%8D%E5%85%9A HTTP/1.1
   87    3.304  0.0380  0.0031  0.032  0.038  0.042  0.043  0.046  0.046     87    0    0    0      222198       2554       2554       2554  GET /political_parties/%E5%A4%A2%E5%AE%9F%E7%8F%BE%E5%85%9A HTTP/1.1
   19    0.353  0.0186  0.0029  0.015  0.018  0.024  0.024  0.024  0.024     19    0    0    0       41059       2161       2161       2161  GET /candidates/17 HTTP/1.1
   21    0.382  0.0182  0.0026  0.014  0.018  0.022  0.022  0.023  0.023     21    0    0    0       40068       1908       1908       1908  GET /candidates/15 HTTP/1.1
   94    2.302  0.0245  0.0026  0.020  0.024  0.028  0.029  0.032  0.032     94    0    0    0      232932       2478       2478       2478  GET /political_parties/%E5%9B%BD%E6%B0%91%E5%B9%B3%E5%92%8C%E5%85%9A HTTP/1.1
   20    0.363  0.0182  0.0026  0.014  0.018  0.023  0.023  0.023  0.023     20    0    0    0       48240       2412       2412       2412  GET /candidates/30 HTTP/1.1
   16    0.269  0.0168  0.0025  0.014  0.016  0.021  0.023  0.023  0.023     16    0    0    0       35776       2236       2236       2236  GET /candidates/7 HTTP/1.1
   14    0.248  0.0177  0.0024  0.015  0.017  0.020  0.025  0.025  0.025     14    0    0    0       27776       1984       1984       1984  GET /candidates/16 HTTP/1.1
   16    0.279  0.0174  0.0023  0.014  0.017  0.020  0.023  0.023  0.023     16    0    0    0       32704       2044       2044       2044  GET /candidates/6 HTTP/1.1
   29    0.519  0.0179  0.0022  0.015  0.018  0.021  0.021  0.024  0.024     29    0    0    0       68672       2368       2368       2368  GET /candidates/11 HTTP/1.1
   17    0.302  0.0178  0.0022  0.014  0.018  0.021  0.023  0.023  0.023     17    0    0    0       41123       2419       2419       2419  GET /candidates/19 HTTP/1.1
   10    0.171  0.0171  0.0022  0.015  0.016  0.022  0.022  0.022  0.022     10    0    0    0       24270       2427       2427       2427  GET /candidates/8 HTTP/1.1
   16    0.285  0.0178  0.0022  0.014  0.018  0.022  0.022  0.022  0.022     16    0    0    0       32320       2020       2020       2020  GET /candidates/14 HTTP/1.1

Top 20 Sort By Maximum(100 Percentile)
Count    Total    Mean  Stddev    Min  P50.0  P90.0  P95.0  P99.0    Max    2xx  3xx  4xx  5xx  TotalBytes   MinBytes  MeanBytes   MaxBytes  Request
    1    4.856  4.8560  0.0000  4.856  4.856  4.856  4.856  4.856  4.856      1    0    0    0           6          6          6          6  GET /initialize HTTP/1.1
   86    2.706  0.0315  0.0031  0.026  0.031  0.035  0.036  0.046  0.046     86    0    0    0      195048       2268       2268       2268  GET /political_parties/%E5%9B%BD%E6%B0%9110%E4%BA%BA%E5%A4%A7%E6%B4%BB%E8%BA%8D%E5%85%9A HTTP/1.1
   87    3.304  0.0380  0.0031  0.032  0.038  0.042  0.043  0.046  0.046     87    0    0    0      222198       2554       2554       2554  GET /political_parties/%E5%A4%A2%E5%AE%9F%E7%8F%BE%E5%85%9A HTTP/1.1
   15    0.286  0.0191  0.0070  0.014  0.017  0.021  0.044  0.044  0.044     15    0    0    0       30660       2044       2044       2044  GET /candidates/22 HTTP/1.1
14157  133.301  0.0094  0.0041  0.001  0.009  0.015  0.016  0.018  0.043  14157    0    0    0    74516274       5256       5263       5280  POST /vote HTTP/1.1
   18    0.335  0.0186  0.0047  0.014  0.017  0.023  0.035  0.035  0.035     18    0    0    0       34470       1915       1915       1915  GET /candidates/10 HTTP/1.1
 2145   18.669  0.0087  0.0017  0.002  0.008  0.011  0.012  0.013  0.033   2145    0    0    0    15604988       7236       7275       7281  GET / HTTP/1.1
   94    2.302  0.0245  0.0026  0.020  0.024  0.028  0.029  0.032  0.032     94    0    0    0      232932       2478       2478       2478  GET /political_parties/%E5%9B%BD%E6%B0%91%E5%B9%B3%E5%92%8C%E5%85%9A HTTP/1.1
   16    0.389  0.0243  0.0033  0.019  0.023  0.030  0.032  0.032  0.032     16    0    0    0       37024       2314       2314       2314  GET /candidates/20 HTTP/1.1
   90    2.223  0.0247  0.0035  0.002  0.025  0.029  0.029  0.031  0.031     90    0    0    0      203562       2244       2261       2262  GET /political_parties/%E5%9B%BD%E6%B0%91%E5%85%83%E6%B0%97%E5%85%9A HTTP/1.1
   20    0.442  0.0221  0.0049  0.002  0.023  0.025  0.026  0.026  0.026     20    0    0    0       40766       2029       2038       2215  GET /candidates/23 HTTP/1.1
 2996    0.572  0.0002  0.0006  0.000  0.000  0.001  0.001  0.001  0.025   2996    0    0    0   332004131      32447     110815     122540  GET /css/bootstrap.min.css HTTP/1.1
   13    0.269  0.0207  0.0059  0.001  0.023  0.024  0.025  0.025  0.025     13    0    0    0       27492       2109       2114       2184  GET /candidates/4 HTTP/1.1
   14    0.248  0.0177  0.0024  0.015  0.017  0.020  0.025  0.025  0.025     14    0    0    0       27776       1984       1984       1984  GET /candidates/16 HTTP/1.1
   29    0.519  0.0179  0.0022  0.015  0.018  0.021  0.021  0.024  0.024     29    0    0    0       68672       2368       2368       2368  GET /candidates/11 HTTP/1.1
   19    0.353  0.0186  0.0029  0.015  0.018  0.024  0.024  0.024  0.024     19    0    0    0       41059       2161       2161       2161  GET /candidates/17 HTTP/1.1
   16    0.269  0.0168  0.0025  0.014  0.016  0.021  0.023  0.023  0.023     16    0    0    0       35776       2236       2236       2236  GET /candidates/7 HTTP/1.1
   16    0.279  0.0174  0.0023  0.014  0.017  0.020  0.023  0.023  0.023     16    0    0    0       32704       2044       2044       2044  GET /candidates/6 HTTP/1.1
   20    0.363  0.0182  0.0026  0.014  0.018  0.023  0.023  0.023  0.023     20    0    0    0       48240       2412       2412       2412  GET /candidates/30 HTTP/1.1
   21    0.382  0.0182  0.0026  0.014  0.018  0.022  0.022  0.023  0.023     21    0    0    0       40068       1908       1908       1908  GET /candidates/15 HTTP/1.1

TOP 37 Slow Requests
 1  4.856  GET /initialize HTTP/1.1
 2  0.046  GET /political_parties/%E5%9B%BD%E6%B0%9110%E4%BA%BA%E5%A4%A7%E6%B4%BB%E8%BA%8D%E5%85%9A HTTP/1.1
 3  0.046  GET /political_parties/%E5%A4%A2%E5%AE%9F%E7%8F%BE%E5%85%9A HTTP/1.1
 4  0.044  GET /political_parties/%E5%A4%A2%E5%AE%9F%E7%8F%BE%E5%85%9A HTTP/1.1
 5  0.044  GET /political_parties/%E5%A4%A2%E5%AE%9F%E7%8F%BE%E5%85%9A HTTP/1.1
 6  0.044  GET /candidates/22 HTTP/1.1
 7  0.044  GET /political_parties/%E5%A4%A2%E5%AE%9F%E7%8F%BE%E5%85%9A HTTP/1.1
 8  0.043  GET /political_parties/%E5%A4%A2%E5%AE%9F%E7%8F%BE%E5%85%9A HTTP/1.1
 9  0.043  GET /political_parties/%E5%A4%A2%E5%AE%9F%E7%8F%BE%E5%85%9A HTTP/1.1
10  0.043  POST /vote HTTP/1.1
11  0.042  GET /political_parties/%E5%A4%A2%E5%AE%9F%E7%8F%BE%E5%85%9A HTTP/1.1
12  0.042  POST /vote HTTP/1.1
13  0.042  GET /political_parties/%E5%A4%A2%E5%AE%9F%E7%8F%BE%E5%85%9A HTTP/1.1
14  0.042  GET /political_parties/%E5%A4%A2%E5%AE%9F%E7%8F%BE%E5%85%9A HTTP/1.1
15  0.042  GET /political_parties/%E5%A4%A2%E5%AE%9F%E7%8F%BE%E5%85%9A HTTP/1.1
16  0.042  GET /political_parties/%E5%A4%A2%E5%AE%9F%E7%8F%BE%E5%85%9A HTTP/1.1
17  0.042  GET /political_parties/%E5%A4%A2%E5%AE%9F%E7%8F%BE%E5%85%9A HTTP/1.1
18  0.042  GET /political_parties/%E5%A4%A2%E5%AE%9F%E7%8F%BE%E5%85%9A HTTP/1.1
19  0.042  GET /political_parties/%E5%A4%A2%E5%AE%9F%E7%8F%BE%E5%85%9A HTTP/1.1
20  0.041  GET /political_parties/%E5%A4%A2%E5%AE%9F%E7%8F%BE%E5%85%9A HTTP/1.1
21  0.041  GET /political_parties/%E5%A4%A2%E5%AE%9F%E7%8F%BE%E5%85%9A HTTP/1.1
22  0.041  GET /political_parties/%E5%A4%A2%E5%AE%9F%E7%8F%BE%E5%85%9A HTTP/1.1
23  0.041  GET /political_parties/%E5%A4%A2%E5%AE%9F%E7%8F%BE%E5%85%9A HTTP/1.1
24  0.041  GET /political_parties/%E5%A4%A2%E5%AE%9F%E7%8F%BE%E5%85%9A HTTP/1.1
25  0.041  GET /political_parties/%E5%A4%A2%E5%AE%9F%E7%8F%BE%E5%85%9A HTTP/1.1
26  0.040  GET /political_parties/%E5%A4%A2%E5%AE%9F%E7%8F%BE%E5%85%9A HTTP/1.1
27  0.040  POST /vote HTTP/1.1
28  0.040  GET /political_parties/%E5%A4%A2%E5%AE%9F%E7%8F%BE%E5%85%9A HTTP/1.1
29  0.040  GET /political_parties/%E5%A4%A2%E5%AE%9F%E7%8F%BE%E5%85%9A HTTP/1.1
30  0.040  GET /political_parties/%E5%A4%A2%E5%AE%9F%E7%8F%BE%E5%85%9A HTTP/1.1
31  0.039  GET /political_parties/%E5%A4%A2%E5%AE%9F%E7%8F%BE%E5%85%9A HTTP/1.1
32  0.039  GET /political_parties/%E5%A4%A2%E5%AE%9F%E7%8F%BE%E5%85%9A HTTP/1.1
33  0.039  GET /political_parties/%E5%A4%A2%E5%AE%9F%E7%8F%BE%E5%85%9A HTTP/1.1
34  0.039  GET /political_parties/%E5%A4%A2%E5%AE%9F%E7%8F%BE%E5%85%9A HTTP/1.1
35  0.039  GET /political_parties/%E5%A4%A2%E5%AE%9F%E7%8F%BE%E5%85%9A HTTP/1.1
36  0.039  GET /political_parties/%E5%A4%A2%E5%AE%9F%E7%8F%BE%E5%85%9A HTTP/1.1
37  0.039  GET /political_parties/%E5%A4%A2%E5%AE%9F%E7%8F%BE%E5%85%9A HTTP/1.1
